train_loss,val_loss,val_acc_
0.4522892750799656,0.003633433476124992,1.0
0.022398145869374275,0.00010356202545835913,1.0
0.024501155689358713,9.014437964616207e-05,1.0
0.025463586673140526,2.9777551389997825e-05,1.0
0.0262815959751606,7.3495930337230675e-06,1.0
0.026120753586292268,2.0673680865002098e-06,1.0
0.025843629613518715,7.277702138708264e-07,1.0
0.025818846002221108,2.902742721744289e-07,1.0
0.0249368030577898,1.7821787423599744e-07,1.0
0.0244816929101944,1.537799647621796e-07,1.0
train_loss,val_loss,val_acc_
0.025089684016711543,0.00015259702922776341,1.0
0.007224935386329889,1.4221579878181956e-06,1.0
0.008279129676520825,7.360619292740012e-06,1.0
0.007089872378855944,5.951502544121468e-07,1.0
0.0057464192621409895,4.6193596503485423e-08,1.0
0.005472290795296431,7.21216082411047e-08,1.0
0.005293285381048918,3.1888368923205235e-07,1.0
0.004834441002458334,3.755092237156532e-08,1.0
0.004640377499163151,3.755092237156532e-08,1.0
0.004009008686989546,4.053115354452075e-08,1.0
train_loss,val_loss,val_acc_
0.004827120050322264,0.0002658973971847445,1.0
0.01866889949887991,7.5749942425318295e-06,1.0
0.008403105288743972,3.388519758118491e-07,1.0
0.0049432311207056046,1.5109771567267671e-07,1.0
0.004920774511992932,3.9041037069864615e-08,1.0
0.004615701176226139,1.2516974123855107e-08,1.0
0.004185202438384295,1.400709059851124e-08,1.0
0.0036828155163675545,1.055001739302952e-07,1.0
0.003241589432582259,1.43051135381711e-08,1.0
0.005374299827963114,4.5895568234755046e-08,1.0
train_loss,val_loss,val_acc_
0.003708295864998945,1.2516974123855107e-08,1.0
0.007332002138718962,2.8776769340765895e-06,1.0
0.014570789691060782,2.443785973582635e-08,1.0
0.006973165739327669,8.088319987109571e-07,1.0
0.01060544541105628,4.0829064573699725e-08,1.0
0.005905880220234394,1.165265501867907e-07,1.0
0.013498448859900236,1.8477436469765962e-08,1.0
0.005332562979310751,1.2516974123855107e-08,1.0
0.005137949809432029,1.2516974123855107e-08,1.0
0.005063251778483391,1.2516974123855107e-08,1.0
train_loss,val_loss,val_acc_
0.003719888445630204,0.0,1.0
0.004792089341208339,1.4007076387656525e-08,1.0
0.0042033425066620115,1.749374263226855e-07,1.0
0.004451571498066187,1.0036776529886993e-06,1.0
0.005107100401073694,4.5387491809378844e-07,1.0
0.004365366417914629,3.95764061522641e-07,1.0
0.003936506202444434,6.347866587930184e-08,1.0
0.0033667131792753935,4.857761126686455e-08,1.0
0.0027774286456406115,1.788139081249085e-09,1.0
0.002774521941319108,5.9604643443123e-10,1.0
train_loss,val_loss,val_acc_
0.003808086369826924,0.0,1.0
0.0028884280938655136,2.5033948247710214e-08,1.0
0.0028279287740588187,5.9604643443123e-10,1.0
0.0027539202477782966,0.0,1.0
0.0018920928705483675,0.0,1.0
0.0012550906976684928,1.2516974123855107e-08,1.0
0.0022405203082598744,0.0,1.0
0.003086350113153458,1.51991699226528e-08,1.0
0.003904000110924244,1.1593069615400964e-07,1.0
0.004038744885474443,3.695484807053617e-08,1.0
train_loss,val_loss,val_acc_
0.005315984411572572,0.0,1.0
0.005085334461182356,1.907348234908568e-08,1.0
0.0038540679961442947,1.937150528874554e-08,1.0
0.003871885547414422,5.9604643443123e-10,1.0
0.0037029895000159742,2.175565860795814e-08,1.0
0.0033774502109736202,1.0728829380468596e-08,1.0
0.0028363372199237346,0.0,1.0
0.002088130405172706,0.0,1.0
0.0016169104957953096,0.0,1.0
0.001638371217995882,8.940695961356937e-10,1.0
train_loss,val_loss,val_acc_
0.004602777058607899,5.2153922069919645e-08,1.0
0.004044209886342287,9.053377993950562e-07,1.0
0.0034977477509528397,3.427264161359744e-08,1.0
0.0029785962775349616,2.6822084553401737e-09,1.0
0.0020214072661474346,0.0,1.0
0.0014730776194483042,0.0,1.0
0.001014133053831756,0.0,1.0
0.0007341158459894359,0.0,1.0
0.0005596708157099784,0.0,1.0
0.00046023468021303413,0.0,1.0
train_loss,val_loss,val_acc_
0.004523411633999786,3.2544096484343754e-07,1.0
0.015085741877555847,9.208907414404166e-08,1.0
0.01384880356490612,0.0,1.0
0.004483565129339695,1.3411043831013103e-08,1.0
0.007513908296823501,2.38418529363571e-09,1.0
0.005503897368907928,2.1182950149523094e-06,1.0
0.01274976497516036,4.17150249631959e-06,1.0
0.005870597716420889,4.9392124310543295e-06,1.0
0.005918704532086849,1.0290689260727959e-06,1.0
0.005686064250767231,1.2516974123855107e-08,1.0
train_loss,val_loss,val_acc_
0.0037913762724201662,0.0,1.0
0.004960591858252883,0.0,1.0
0.0032697021029889583,1.84774382461228e-08,1.0
0.004807158745825291,4.5597527531526794e-08,1.0
0.005766495130956173,3.337859055818626e-08,1.0
0.004850635584443807,6.556510445676622e-09,1.0
0.0043671239167451855,2.98023217215615e-10,1.0
0.0037159097846597433,0.0,1.0
0.0029641888104379177,0.0,1.0
0.002295076008886099,0.0,1.0
train_loss,val_loss,val_acc_
0.003577745395682541,0.0,1.0
0.0018322119256481528,0.0,1.0
0.0012888238299638033,0.0,1.0
0.005027195112779737,3.755092237156532e-08,1.0
0.004393048584461212,2.6524048735154793e-08,1.0
0.004923652391880751,1.3419797824099078e-06,1.0
0.00507444404065609,3.892707354680169e-06,1.0
0.00500706285238266,1.2516961689357231e-08,1.0
0.005129715148359537,2.6285621856914076e-07,1.0
0.004384135734289885,1.2516974123855107e-08,1.0
train_loss,val_loss,val_acc_
0.0036471701115260657,0.0,1.0
0.03856209525838494,0.0,1.0
0.003170396201312542,1.192092469182171e-08,1.0
0.004751959815621376,9.953964053011077e-08,1.0
0.0053464420139789585,2.8729368750646245e-07,1.0
0.005797561537474394,1.7046745881543757e-07,1.0
0.00587239945307374,4.1066167000280984e-07,1.0
0.005662241950631142,3.50772268120636e-07,1.0
0.005460434779524803,6.97064990617946e-07,1.0
0.005373707134276628,6.115114956628531e-07,1.0
train_loss,val_loss,val_acc_
0.004866172187030315,1.4707413356518373e-05,1.0
0.004837992833927274,4.142519927086141e-08,1.0
0.0045406434684991835,5.066392638752859e-09,1.0
0.0041363597847521305,7.212149455426697e-08,1.0
0.0032911375630646942,5.185576412713999e-08,1.0
0.0027895068284124135,4.470345871254722e-09,1.0
0.003073086449876428,8.940695961356937e-10,1.0
0.0023915004450827835,0.0,1.0
0.0022032671142369507,5.9604643443123e-10,1.0
0.0017350571928545834,5.9604643443123e-10,1.0
train_loss,val_loss,val_acc_
0.003867557423654944,2.98023217215615e-10,1.0
0.0025092128431424498,0.0,1.0
0.0034767367411404847,2.443786506489687e-08,1.0
0.006036094482988119,1.6672439642206882e-06,1.0
0.004009797377511859,1.668929883180681e-08,1.0
0.004073324613273144,0.0,1.0
0.0033655483741313217,0.0,1.0
0.0029313561506569387,0.0,1.0
0.0024161900859326125,0.0,1.0
0.002212622808292508,0.0,1.0
train_loss,val_loss,val_acc_
0.004524820833466947,5.662437629894157e-09,1.0
0.003939746413379908,1.4901158085223187e-09,1.0
0.0027081314474344254,0.0,1.0
0.0021377297351136805,5.9604643443123e-10,1.0
0.0018590658204630018,0.0,1.0
0.0012192686670459806,0.0,1.0
0.005511438334360718,0.0,1.0
0.004720794083550572,6.616090075795e-08,1.0
0.004578742943704128,6.854530720801222e-09,1.0
0.004504346568137407,7.45057526785331e-09,1.0
train_loss,val_loss,val_acc_
0.008538679499179126,6.556510445676622e-09,1.0
0.004511465365067124,3.531557126734697e-07,1.0
0.017133231833577157,2.0712576542791794e-07,1.0
0.004810818657279015,3.1590456472940787e-08,1.0
0.006963857263326645,8.642673243741683e-09,1.0
0.004447886534035206,1.7881391922713874e-09,1.0
0.0040043829008936885,0.0,1.0
0.003387999115511775,0.0,1.0
0.0027261543087661265,0.0,1.0
0.0021378469886258245,0.0,1.0
train_loss,val_loss,val_acc_
0.003583096734951141,0.0,1.0
0.0018482162500731646,0.0,1.0
0.0012481636833399535,0.0,1.0
0.0008747400250285863,0.0,1.0
0.0006694230134598911,0.0,1.0
0.000504676264245063,0.0,1.0
0.00039459740510210394,0.0,1.0
0.00045054706861265005,0.0,1.0
0.0003618665097746998,0.0,1.0
0.00034226170391775667,0.0,1.0
train_loss,val_loss,val_acc_
0.0035639103920402705,0.0,1.0
0.0019583866698667405,0.0,1.0
0.0018847957719117403,0.0,1.0
0.0033522613346576692,0.0,1.0
0.004317563306540251,0.0,1.0
0.003182000759989023,0.0,1.0
0.00341992094181478,0.0,1.0
0.004356815246865153,0.0,1.0
0.0031802354846149684,0.0,1.0
0.00799646759405732,2.98023217215615e-10,1.0
train_loss,val_loss,val_acc_
0.0035957124391643447,0.0,1.0
0.002221171767450869,0.0,1.0
0.0014125429559499025,0.0,1.0
0.00119078109273687,0.0,1.0
0.0014050298603251576,0.0,1.0
0.002073143166489899,0.0,1.0
0.0020466925343498588,0.0,1.0
0.0033178220735862853,1.2516974123855107e-08,1.0
0.00424682623706758,0.0,1.0
0.003844866529107094,0.0,1.0
train_loss,val_loss,val_acc_
0.0038180727916369505,0.0,1.0
0.00469913724809885,7.789814731040678e-07,1.0
0.0038838328327983618,4.7385611878780765e-08,1.0
0.00513624856248498,8.940695961356937e-10,1.0
0.0035285744816064835,0.0,1.0
0.005433541396632791,0.0,1.0
0.003856142843142152,4.300449063521228e-07,1.0
0.004515984281897545,9.864487537925015e-08,1.0
0.0046362289227545265,1.2307870065342286e-06,1.0
0.004830625932663679,2.5450898988310655e-07,1.0
train_loss,val_loss,val_acc_
0.003542431554706127,1.3768669759883778e-07,1.0
0.004605174879543483,0.0,1.0
0.0041124836076051,2.5033948247710214e-08,1.0
0.0035556939896196128,0.0,1.0
0.0035878869239240885,0.0,1.0
0.003284449828788638,0.0,1.0
0.002829934377223253,0.0,1.0
0.0023984856437891723,0.0,1.0
0.0016917515080422164,0.0,1.0
0.0013419058406725526,0.0,1.0
train_loss,val_loss,val_acc_
0.004419601338304347,6.5565064488737335e-09,1.0
0.0056588869541883465,2.5123327418441477e-07,1.0
0.009955867938697339,9.387704125174423e-08,1.0
0.005009449739009142,2.628521542646922e-07,1.0
0.007852345984429122,2.6822053911246257e-08,1.0
0.005064153298735619,5.641445568471681e-07,1.0
0.004842628724873066,1.054993035154439e-07,1.0
0.004440476931631565,9.834765002381118e-09,1.0
0.003994227107614279,2.0265552791443042e-08,1.0
0.0034765821881592275,5.662438518072577e-09,1.0
train_loss,val_loss,val_acc_
0.0043056533148046585,9.626124608530517e-08,1.0
0.00436058514751494,0.0,1.0
0.003445471823215485,8.642672577607868e-09,1.0
0.0038796598091721535,0.0,1.0
0.0032114943489432333,0.0,1.0
0.0031087491661310196,0.0,1.0
0.002500121109187603,0.0,1.0
0.0019004324683919549,0.0,1.0
0.0014461146900430321,0.0,1.0
0.0015083402395248413,0.0,1.0
train_loss,val_loss,val_acc_
0.005233849911019206,1.257653678976567e-07,1.0
0.006572575028985739,1.6391256352221717e-08,1.0
0.00488820681348443,0.0,1.0
0.003798041259869933,1.2516974123855107e-08,1.0
0.0027174378279596566,2.5033948247710214e-08,1.0
0.0021654036594554783,1.2516974123855107e-08,1.0
0.002314896183088422,1.2516974123855107e-08,1.0
0.0025851831305772066,5.9604643443123e-10,1.0
0.0024975913111120462,0.0,1.0
0.0021438698284327986,0.0,1.0
train_loss,val_loss,val_acc_
0.003581713066523662,2.5331971187370073e-08,1.0
0.0021551809972152115,0.0,1.0
0.0036059318110346792,1.2814997063514966e-08,1.0
0.008157253079116345,0.0,1.0
0.0034845591988414528,1.2516974123855107e-08,1.0
0.00614768136292696,1.2516974123855107e-08,1.0
0.004066205490380526,1.2516974123855107e-08,1.0
0.00382543858140707,1.2516974123855107e-08,1.0
0.00328780054114759,1.2516974123855107e-08,1.0
0.002776828408241272,0.0,1.0
train_loss,val_loss,val_acc_
0.0051265507470816376,0.0,1.0
0.004948986042290926,1.2516974123855107e-08,1.0
0.0047530522570014,1.2516974123855107e-08,1.0
0.004141028970479965,1.2516974123855107e-08,1.0
0.0033135938458144663,0.0,1.0
0.002510492270812392,0.0,1.0
0.002062179567292333,0.0,1.0
0.0020632090512663127,0.0,1.0
0.0031667684204876425,4.023300803623897e-08,1.0
0.003722797892987728,6.54124903576303e-07,1.0
train_loss,val_loss,val_acc_
0.0035327265793966946,0.0,1.0
0.003026017593219876,5.9604643443123e-10,1.0
0.004510859632864595,2.99805037684564e-07,1.0
0.0038881269749253987,2.567219598859083e-05,1.0
0.009199246671050787,0.0,1.0
0.02399800783023238,2.5033948247710214e-08,1.0
0.0056280885823071,1.2516974123855107e-08,1.0
0.006408337783068418,5.9604643443123e-10,1.0
0.00791575089097023,5.066392638752859e-09,1.0
0.005502340476959943,5.066392638752859e-09,1.0
train_loss,val_loss,val_acc_
0.0041262020182330165,1.1920927578401574e-09,1.0
0.0033169897738844155,0.0,1.0
0.0023176055634394287,0.0,1.0
0.0025622569024562835,0.0,1.0
0.005219536134973168,5.9604643443123e-10,1.0
0.005626379419118166,0.0,1.0
0.003364313766360283,0.0,1.0
0.004710041824728251,0.0,1.0
0.005962189193814993,1.1324880588858832e-08,1.0
0.005380077566951513,3.734214715223061e-07,1.0
