train_loss,val_loss,val_acc_
1.4975115060806274,0.2986763119697571,0.96
0.31246212124824524,0.0401170551776886,1.0
0.05182318389415741,0.010708557441830635,1.0
0.04033439978957176,0.0036121439188718796,1.0
0.02289481833577156,0.001795432297512889,1.0
0.01981176808476448,0.0010532987071201205,1.0
0.018752463161945343,0.0006660892977379262,1.0
0.02298126369714737,0.0003757336235139519,1.0
0.01971573568880558,0.0002227170771220699,1.0
0.02041289582848549,0.00013824092457070947,1.0
train_loss,val_loss,val_acc_
0.0020026538986712694,1.0142190149053931e-05,1.0
0.0144260935485363,2.7799414965556934e-06,1.0
0.003813890041783452,1.668929883180681e-07,1.0
0.004437331575900316,1.7166064480989007e-06,1.0
0.012408697977662086,1.4305109630186053e-07,1.0
0.005200324580073357,9.53674295089968e-09,1.0
0.003934884909540415,2.384185648907078e-08,1.0
0.004417776130139828,9.536742595628311e-08,1.0
0.005357666872441769,2.622603290092229e-07,1.0
0.00536002404987812,8.821472761155746e-07,1.0
train_loss,val_loss,val_acc_
0.001835065078921616,1.24454231809068e-06,1.0
0.014636068604886532,5.722038167732535e-07,1.0
0.0033625601790845394,7.390966629827744e-07,1.0
0.004748946521431208,4.503220407059416e-05,1.0
0.009575392119586468,1.9477853129501455e-05,1.0
0.005343445111066103,8.43984162202105e-06,1.0
0.1178363636136055,4.2915308995361556e-07,1.0
0.005064705386757851,1.7642896636971273e-06,1.0
0.005805653054267168,6.222628144314513e-06,1.0
0.006673963740468025,1.8358150555286556e-06,1.0
train_loss,val_loss,val_acc_
0.0005326263490132987,2.8610210733859276e-07,1.0
0.007205757312476635,6.818760311944061e-07,1.0
0.0038079447112977505,1.6689293147464923e-07,1.0
0.004380722530186176,0.0,1.0
0.005039556417614222,0.0,1.0
0.0039210147224366665,0.0,1.0
0.002612190553918481,2.384185648907078e-08,1.0
0.0033128897193819284,4.768371297814156e-08,1.0
0.003955891355872154,2.384185648907078e-08,1.0
0.0035196738317608833,2.384185648907078e-08,1.0
train_loss,val_loss,val_acc_
4.268012708052993e-05,4.768371297814156e-08,1.0
0.009502599015831947,0.0,1.0
0.0028144470416009426,1.4305109630186053e-07,1.0
0.006947347894310951,0.0,1.0
0.005985397379845381,0.0,1.0
0.0034740634728223085,0.0,1.0
0.002269403077661991,2.384185648907078e-08,1.0
0.003485187189653516,2.384185648907078e-08,1.0
0.005217927973717451,4.768371297814156e-08,1.0
0.005226784385740757,2.384185648907078e-08,1.0
train_loss,val_loss,val_acc_
0.005521861370652914,1.9073476664743794e-07,1.0
0.007241241168230772,1.2874600940904202e-07,1.0
0.03171984478831291,4.768371297814156e-08,1.0
0.004786389879882336,8.106231064175518e-08,1.0
0.006408290471881628,8.726105420464592e-07,1.0
0.009272097609937191,1.4162037587084342e-06,1.0
0.005027881823480129,2.007480134125217e-06,1.0
0.016823360696434975,3.838514203380328e-06,1.0
0.008349476382136345,1.6689244830558891e-06,1.0
0.007433873601257801,2.6702703053160803e-06,1.0
train_loss,val_loss,val_acc_
0.0009872836526483297,1.3351398138183868e-06,1.0
0.00722192507237196,1.8262834373672376e-06,1.0
0.028054026886820793,2.431868892927014e-07,1.0
0.004671717528253794,1.23977656585339e-07,1.0
0.0055244979448616505,2.5749201881808403e-07,1.0
0.004869896452873945,2.0790046164620435e-06,1.0
0.007740885950624943,8.735515621083323e-06,1.0
0.008219951763749123,8.306377822009381e-06,1.0
0.04001273959875107,8.344642878910236e-07,1.0
0.00657767103984952,1.9073485191256623e-07,1.0
train_loss,val_loss,val_acc_
0.0018462208099663258,2.622603005875135e-07,1.0
0.007221977226436138,1.4305109630186053e-07,1.0
0.0036491979844868183,3.337859766361362e-08,1.0
0.004515084438025951,0.0,1.0
0.005555058363825083,4.768371297814156e-08,1.0
0.02099527046084404,1.5258787300354015e-07,1.0
0.0038338256999850273,6.675714416815026e-07,1.0
0.0042629726231098175,2.32695651902759e-06,1.0
0.012243442237377167,3.480910493181e-07,1.0
0.005596899427473545,1.3351398138183868e-06,1.0
train_loss,val_loss,val_acc_
0.00048084557056427,7.152556946721234e-08,1.0
0.007389245554804802,4.768371297814156e-08,1.0
0.061502605676651,0.0,1.0
0.003894608234986663,0.0,1.0
0.0046226768754422665,0.0,1.0
0.003604487981647253,2.1457661603108136e-07,1.0
0.0036484450101852417,4.005391929240432e-06,1.0
0.10451207309961319,5.960457087894611e-07,1.0
0.10790380835533142,4.768371297814156e-08,1.0
0.004745010286569595,2.384185648907078e-08,1.0
train_loss,val_loss,val_acc_
0.00028031208785250783,4.768371297814156e-08,1.0
0.0075767929665744305,4.768371297814156e-08,1.0
0.003600689582526684,0.0,1.0
0.004167134873569012,0.0,1.0
0.012685319408774376,0.0,1.0
0.003477363381534815,0.0,1.0
0.002595227910205722,0.0,1.0
0.0037398042622953653,0.0,1.0
0.006446275394409895,2.384185648907078e-08,1.0
0.008430158719420433,0.0,1.0
train_loss,val_loss,val_acc_
0.02285781316459179,1.0013579299084086e-07,1.0
0.007237867917865515,3.9100606841202534e-07,1.0
0.003953804261982441,1.5830930806259857e-06,1.0
0.005559444427490234,4.730167802335927e-06,1.0
0.018864795565605164,2.813337118823256e-07,1.0
0.005234864074736834,5.72204541526844e-08,1.0
0.004540615249425173,4.768371297814156e-08,1.0
0.005048373714089394,2.86102270763422e-08,1.0
0.006016866769641638,5.72204541526844e-08,1.0
0.0063488236628472805,4.768371297814156e-08,1.0
train_loss,val_loss,val_acc_
6.18834633314691e-07,4.768371297814156e-08,1.0
0.0076635004952549934,2.384185648907078e-08,1.0
0.003466537920758128,2.384185648907078e-08,1.0
0.004098405130207539,7.152556236178498e-08,1.0
0.004790444392710924,2.098082347856689e-07,1.0
0.0036567754577845335,6.43729151761363e-07,1.0
0.003638266120105982,3.099438856679626e-07,1.0
0.003893977263942361,2.384185648907078e-08,1.0
0.004442498087882996,2.384185648907078e-08,1.0
0.004236462526023388,4.768371297814156e-08,1.0
train_loss,val_loss,val_acc_
0.003061649389564991,7.629394360719743e-08,1.0
0.0072386376559734344,3.242491573018924e-07,1.0
0.007227661553770304,2.5749193355295574e-07,1.0
0.02133839577436447,1.2874598098733259e-07,1.0
0.00544038275256753,2.5272350967497914e-07,1.0
0.004691460635513067,4.768365897689364e-07,1.0
0.003973182290792465,1.0395024219178595e-06,1.0
0.004706662148237228,1.7929004343386623e-06,1.0
0.005770513322204351,1.583096263857442e-06,1.0
0.024138446897268295,4.4822675704381254e-07,1.0
train_loss,val_loss,val_acc_
0.03488677367568016,2.28881745556464e-07,1.0
0.007371825631707907,2.4795519948384026e-07,1.0
0.004067452158778906,6.198882118724214e-08,1.0
0.004954073578119278,7.629393650177008e-08,1.0
0.00590634997934103,2.0503986775111116e-07,1.0
0.00534098269417882,7.6293815709505e-07,1.0
0.004650035873055458,4.038774477521656e-06,1.0
0.02315823920071125,1.5119947420316748e-05,1.0
0.006228264421224594,1.015661723613448e-06,1.0
0.01287403516471386,5.531304054784414e-07,1.0
train_loss,val_loss,val_acc_
0.0004969720612280071,2.1934503990905796e-07,1.0
0.007245320826768875,5.245203169579327e-07,1.0
0.0037000211887061596,2.2888170292389987e-07,1.0
0.004344325978308916,2.0503986775111116e-07,1.0
0.005118038505315781,1.2397764237448428e-07,1.0
0.004096623510122299,1.716613269309164e-07,1.0
0.0030619180761277676,3.24249128880183e-07,1.0
0.003698748303577304,5.245204306447704e-07,1.0
0.0043157730251550674,5.245202601145138e-07,1.0
0.003946788143366575,2.2888170292389987e-07,1.0
train_loss,val_loss,val_acc_
2.1839209694007877e-06,0.0,1.0
0.0072389827109873295,0.0,1.0
0.003050290048122406,0.0,1.0
0.014506552368402481,0.0,1.0
0.004287094809114933,0.0,1.0
0.003220651298761368,9.53674117454284e-08,1.0
0.023053426295518875,0.0,1.0
0.036021023988723755,0.0,1.0
0.004164422396570444,0.0,1.0
0.003971253056079149,0.0,1.0
train_loss,val_loss,val_acc_
2.135240356437862e-05,9.536742595628311e-08,1.0
0.007240507751703262,0.0,1.0
0.0031060518231242895,0.0,1.0
0.003506844397634268,0.0,1.0
0.003964921925216913,0.0,1.0
0.003014742163941264,0.0,1.0
0.0018754447810351849,0.0,1.0
0.0027033945079892874,0.0,1.0
0.003095386316999793,4.768371297814156e-08,1.0
0.003416351042687893,7.152556236178498e-08,1.0
train_loss,val_loss,val_acc_
0.00012024772149743512,4.768371297814156e-08,1.0
0.011948825791478157,0.0,1.0
0.0036469013430178165,0.0,1.0
0.004240248817950487,2.384185648907078e-08,1.0
0.0051910411566495895,5.72204541526844e-08,1.0
0.006374814547598362,3.480908787878434e-07,1.0
0.003962158225476742,1.6450820794489118e-06,1.0
0.0046921344473958015,3.6334688502392964e-06,1.0
0.005573496222496033,5.106863682158291e-06,1.0
0.00577086815610528,2.9945160804345505e-06,1.0
train_loss,val_loss,val_acc_
0.00010343935718992725,2.861021357603022e-07,1.0
0.007242959924042225,1.0013579299084086e-07,1.0
0.003430660581216216,0.0,1.0
0.0037713816855102777,0.0,1.0
0.004218647722154856,0.0,1.0
0.002687308005988598,0.0,1.0
0.001506294123828411,0.0,1.0
0.00323146628215909,0.0,1.0
0.002857218263670802,0.0,1.0
0.0022728482726961374,0.0,1.0
train_loss,val_loss,val_acc_
0.0007720012799836695,2.1457663024193607e-07,1.0
0.0093026552349329,1.2111627256672364e-06,1.0
0.0039668940007686615,1.9264130060037132e-06,1.0
0.004561739508062601,2.2029753381502815e-06,1.0
0.0068137068301439285,2.4366229354200186e-06,1.0
0.004637102596461773,2.5987455956055783e-06,1.0
0.003841390134766698,1.5640197261745925e-06,1.0
0.004379106219857931,3.7193268553892267e-07,1.0
0.005092817358672619,1.23977656585339e-07,1.0
0.005057012662291527,9.536742595628311e-08,1.0
train_loss,val_loss,val_acc_
8.640090527478606e-06,2.384185648907078e-08,1.0
0.0072423419915139675,0.0,1.0
0.003159498330205679,0.0,1.0
0.0035791038535535336,0.0,1.0
0.004223450552672148,0.0,1.0
0.0045220148749649525,0.0,1.0
0.0016807554056867957,0.0,1.0
0.00315655255690217,0.0,1.0
0.0036546930205076933,0.0,1.0
0.003405441762879491,2.384185648907078e-08,1.0
train_loss,val_loss,val_acc_
0.0013752366648986936,1.2874602361989673e-07,1.0
0.007242389023303986,3.051755754768237e-07,1.0
0.003804726991802454,6.008139052937622e-07,1.0
0.014918387867510319,0.0,1.0
0.009966392070055008,0.0,1.0
0.004101632162928581,0.0,1.0
0.0033698498737066984,0.0,1.0
0.004834431689232588,7.152556946721234e-08,1.0
0.010832401923835278,4.768371297814156e-08,1.0
0.010592622682452202,2.384185648907078e-08,1.0
train_loss,val_loss,val_acc_
1.4203423233993817e-05,1.6689297410721338e-07,1.0
0.008325837552547455,0.0,1.0
0.0031866589561104774,0.0,1.0
0.003819202771410346,2.384185648907078e-08,1.0
0.004653483163565397,0.0,1.0
0.003810885362327099,4.768371297814156e-08,1.0
0.003603513352572918,7.152556236178498e-08,1.0
0.0038921355735510588,7.152556236178498e-08,1.0
0.0047023706138134,4.768371297814156e-08,1.0
0.004699337761849165,2.384185648907078e-08,1.0
train_loss,val_loss,val_acc_
2.010906428040471e-05,2.86102270763422e-08,1.0
0.007260628044605255,4.768371297814156e-08,1.0
0.007557923439890146,0.0,1.0
0.0036547803319990635,4.768371297814156e-08,1.0
0.009867631830275059,0.0,1.0
0.00288703222759068,0.0,1.0
0.0023735591676086187,0.0,1.0
0.004122012294828892,0.0,1.0
0.004284998867660761,0.0,1.0
0.004064519423991442,0.0,1.0
train_loss,val_loss,val_acc_
0.0005391660961322486,2.0027151492740813e-07,1.0
0.00724671920761466,5.388251906879304e-07,1.0
0.003792045172303915,2.574918767095369e-07,1.0
0.004240319598466158,2.5272350967497914e-07,1.0
0.004941144492477179,4.05311197937408e-07,1.0
0.003883680794388056,7.915480750853021e-07,1.0
0.023133642971515656,1.473421320952184e-06,1.0
0.004129927139729261,1.3828228020429378e-06,1.0
0.004525155294686556,1.158710801973939e-06,1.0
0.006557264365255833,8.106231064175518e-08,1.0
train_loss,val_loss,val_acc_
7.017737857495376e-07,4.768371297814156e-08,1.0
0.007243951316922903,0.0,1.0
0.003341454081237316,0.0,1.0
0.0035850009880959988,0.0,1.0
0.004257544409483671,0.0,1.0
0.0029696763958781958,0.0,1.0
0.013050888665020466,0.0,1.0
0.0030356491915881634,2.384185648907078e-08,1.0
0.0034854686819016933,0.0,1.0
0.002955066040158272,0.0,1.0
train_loss,val_loss,val_acc_
0.004392811097204685,8.106231064175518e-08,1.0
0.007277561817318201,1.2397761395277485e-07,1.0
0.00395650789141655,9.53674117454284e-08,1.0
0.004587709903717041,2.0503986775111116e-07,1.0
0.005474849138408899,9.059884860107559e-07,1.0
0.004824070725589991,5.51216089661466e-06,1.0
0.004263797774910927,1.271207020181464e-05,1.0
0.04574160277843475,1.859663996128802e-07,1.0
0.006256662774831057,2.384185648907078e-08,1.0
0.005612269043922424,4.768371297814156e-08,1.0
train_loss,val_loss,val_acc_
1.577486182213761e-05,5.245208356541298e-08,1.0
0.01264367625117302,0.0,1.0
0.004109728615731001,3.099438856679626e-07,1.0
0.03415132313966751,0.0,1.0
0.005252453498542309,0.0,1.0
0.004019306506961584,0.0,1.0
0.0034061619080603123,9.53674295089968e-09,1.0
0.0065955426543951035,4.768371297814156e-08,1.0
0.00530663039535284,7.152556236178498e-08,1.0
0.005404855124652386,4.768371297814156e-08,1.0
